Values: 14 68 77 71 85 96 44 45 16 79 
Mean: 59.0 Standard Deviation: 26.981475126464083
Values: 14 68 77 71 85 96 44 45 16 79 99 17 40 81 38 21 24 87 86 76 
Mean: 58.0 Standard Deviation: 28.61817604250837
Values: 14 68 77 71 85 96 44 45 16 79 99 17 40 81 38 21 24 87 86 76 15 13 12 78 58 11 67 87 20 92 
Mean: 53.0 Standard Deviation: 30.56141357987225
Values: 14 68 77 71 85 96 44 45 16 79 99 17 40 81 38 21 24 87 86 76 15 13 12 78 58 11 67 87 20 92 84 86 26 28 27 40 42 11 87 20 
Mean: 51.0 Standard Deviation: 30.14962686336267
Values: 14 68 77 71 85 96 44 45 16 79 99 17 40 81 38 21 24 87 86 76 15 13 12 78 58 11 67 87 20 92 84 86 26 28 27 40 42 11 87 20 39 42 15 64 60 12 43 58 52 25 
Mean: 49.0 Standard Deviation: 28.407745422683583
Values: 14 68 77 71 85 96 44 45 16 79 99 17 40 81 38 21 24 87 86 76 15 13 12 78 58 11 67 87 20 92 84 86 26 28 27 40 42 11 87 20 39 42 15 64 60 12 43 58 52 25 23 63 21 37 42 100 50 37 97 39 
Mean: 49.0 Standard Deviation: 28.089143810376278
Values: 14 68 77 71 85 96 44 45 16 79 99 17 40 81 38 21 24 87 86 76 15 13 12 78 58 11 67 87 20 92 84 86 26 28 27 40 42 11 87 20 39 42 15 64 60 12 43 58 52 25 23 63 21 37 42 100 50 37 97 39 41 77 90 46 19 68 63 35 67 51 
Mean: 50.0 Standard Deviation: 27.16615541441225
Values: 14 68 77 71 85 96 44 45 16 79 99 17 40 81 38 21 24 87 86 76 15 13 12 78 58 11 67 87 20 92 84 86 26 28 27 40 42 11 87 20 39 42 15 64 60 12 43 58 52 25 23 63 21 37 42 100 50 37 97 39 41 77 90 46 19 68 63 35 67 51 43 29 75 19 15 53 18 80 74 85 
Mean: 50.0 Standard Deviation: 27.09243436828813
Values: 14 68 77 71 85 96 44 45 16 79 99 17 40 81 38 21 24 87 86 76 15 13 12 78 58 11 67 87 20 92 84 86 26 28 27 40 42 11 87 20 39 42 15 64 60 12 43 58 52 25 23 63 21 37 42 100 50 37 97 39 41 77 90 46 19 68 63 35 67 51 43 29 75 19 15 53 18 80 74 85 38 93 82 94 74 99 89 29 41 51 
Mean: 52.0 Standard Deviation: 27.51363298439521
Values: 14 68 77 71 85 96 44 45 16 79 99 17 40 81 38 21 24 87 86 76 15 13 12 78 58 11 67 87 20 92 84 86 26 28 27 40 42 11 87 20 39 42 15 64 60 12 43 58 52 25 23 63 21 37 42 100 50 37 97 39 41 77 90 46 19 68 63 35 67 51 43 29 75 19 15 53 18 80 74 85 38 93 82 94 74 99 89 29 41 51 35 14 77 59 43 83 56 26 16 99 
Mean: 52.0 Standard Deviation: 27.53179979587241
